language=lt
language_probability=0.6202946901321411
duration=195.3698125
segments=3
